
              -- N E S T --
  Copyright (C) 2004 The NEST Initiative

 Version: 3.9.0
 Built: Oct  2 2025 06:57:01

 This program is provided AS IS and comes with
 NO WARRANTY. See the file LICENSE for details.

 Problems or suggestions?
   Visit https://www.nest-simulator.org

 Type 'nest.help()' to find out more about NEST.

================================================
Starting Sudoku solver Puzzle
================================================
Extracting synapse information...

Distributing 3645 neurons across 1 compute units on 1 FPGAs:
Kernels per FPGA: [1]

FPGA 0 (Kernels: 1):
  Kernel 0 (Global ID: 0): neurons 1 to 3645 (total: 3645)

Total neurons assigned: 3645
Initialized device 0 with XCLBIN UUID: 80f4e378-8ea1-83e7-af51-670d32726316
{'simulation_time': 1, 'amount_of_cores': 2, 'neuron_start': 1, 'neuron_total': 3645, 'core_id': 0, 'neuron_per_cu': 4096, 'synapse_total_per_cu': 7000, 'record_status': 1, 'param_dict': {'dt': 0.1, 'tau_m': 20.0, 'tau_syn': 5.0, 'C_m': 250.0, 'E_L': -65.0, 't_ref_steps': 20, 'V_th_abs': -50.0, 'V_reset_abs': -70.0}, 'device': None, 'xclbin': None, 'uuid': None, 'kernel_name': None, 'kernel': None, 'synapseListHandle': None, 'header_words': 12800000, 'header_bytes': 51200000, 'tail_words_capacity': 57344000, 'tail_bytes_capacity': 229376000, 'bo_size': 280576000}
Initialized kernel NeuroRing:{NeuroRing_0} and SynapseRouter:{SynapseRouter_0} on device <pyxrt.device object at 0x7fbe8b35cbb0>
Allocated BO of 280576000 bytes (header 51200000, tail 229376000)
{'simulation_time': 1, 'amount_of_cores': 2, 'neuron_start': 3646, 'neuron_total': 730, 'core_id': 1, 'neuron_per_cu': 4096, 'synapse_total_per_cu': 7000, 'device': None, 'xclbin': None, 'uuid': None, 'kernel_name': None, 'kernel': None, 'synapseListHandle': None, 'header_words': 12800000, 'header_bytes': 51200000, 'tail_words_capacity': 57344000, 'tail_bytes_capacity': 229376000, 'bo_size': 280576000}
Initialized kernel NeuroRing_Poisson:{NeuroRing_Poisson_0} and SynapseRouter:{SynapseRouter_1} on device <pyxrt.device object at 0x7fbe8b35cbb0>
Allocated BO of 280576000 bytes (header 51200000, tail 229376000)
Initialized devices
Running run 1 of 20
--------------------------------
simulation execution: 0.06521344184875488
time execution: 0.5250310897827148
performance: 1.0 cell:9 rows:9 cols:9
[[0 0 6 0 0 0 8 0 2]
 [7 0 0 4 2 8 0 9 6]
 [2 1 0 0 3 0 7 0 5]
 [0 3 1 0 0 0 9 8 0]
 [0 0 0 1 0 0 0 0 7]
 [8 2 0 9 5 0 0 0 3]
 [3 0 0 0 0 2 0 6 0]
 [0 8 5 0 7 6 0 0 0]
 [9 0 2 5 0 1 3 0 8]]
--------------------------------
[[4 9 6 7 1 5 8 3 2]
 [7 5 3 4 2 8 1 9 6]
 [2 1 8 6 3 9 7 4 5]
 [5 3 1 2 6 7 9 8 4]
 [6 4 9 1 8 3 2 5 7]
 [8 2 7 9 5 4 6 1 3]
 [3 7 4 8 9 2 5 6 1]
 [1 8 5 3 7 6 4 2 9]
 [9 6 2 5 4 1 3 7 8]]
--------------------------------
valid: True
power: 20.868864
--------------------------------

Running run 2 of 20
--------------------------------
simulation execution: 0.06475281715393066
time execution: 0.5251955986022949
performance: 1.0 cell:9 rows:9 cols:9
[[0 0 6 0 0 0 8 0 2]
 [7 0 0 4 2 8 0 9 6]
 [2 1 0 0 3 0 7 0 5]
 [0 3 1 0 0 0 9 8 0]
 [0 0 0 1 0 0 0 0 7]
 [8 2 0 9 5 0 0 0 3]
 [3 0 0 0 0 2 0 6 0]
 [0 8 5 0 7 6 0 0 0]
 [9 0 2 5 0 1 3 0 8]]
--------------------------------
[[4 9 6 7 1 5 8 3 2]
 [7 5 3 4 2 8 1 9 6]
 [2 1 8 6 3 9 7 4 5]
 [5 3 1 2 6 7 9 8 4]
 [6 4 9 1 8 3 2 5 7]
 [8 2 7 9 5 4 6 1 3]
 [3 7 4 8 9 2 5 6 1]
 [1 8 5 3 7 6 4 2 9]
 [9 6 2 5 4 1 3 7 8]]
--------------------------------
valid: True
power: 20.868864
--------------------------------

Running run 3 of 20
--------------------------------
simulation execution: 0.06469130516052246
time execution: 0.49999403953552246
performance: 1.0 cell:9 rows:9 cols:9
[[0 0 6 0 0 0 8 0 2]
 [7 0 0 4 2 8 0 9 6]
 [2 1 0 0 3 0 7 0 5]
 [0 3 1 0 0 0 9 8 0]
 [0 0 0 1 0 0 0 0 7]
 [8 2 0 9 5 0 0 0 3]
 [3 0 0 0 0 2 0 6 0]
 [0 8 5 0 7 6 0 0 0]
 [9 0 2 5 0 1 3 0 8]]
--------------------------------
[[4 9 6 7 1 5 8 3 2]
 [7 5 3 4 2 8 1 9 6]
 [2 1 8 6 3 9 7 4 5]
 [5 3 1 2 6 7 9 8 4]
 [6 4 9 1 8 3 2 5 7]
 [8 2 7 9 5 4 6 1 3]
 [3 7 4 8 9 2 5 6 1]
 [1 8 5 3 7 6 4 2 9]
 [9 6 2 5 4 1 3 7 8]]
--------------------------------
valid: True
power: 20.777984
--------------------------------

Running run 4 of 20
--------------------------------
simulation execution: 0.06467986106872559
time execution: 0.5055062770843506
performance: 1.0 cell:9 rows:9 cols:9
[[0 0 6 0 0 0 8 0 2]
 [7 0 0 4 2 8 0 9 6]
 [2 1 0 0 3 0 7 0 5]
 [0 3 1 0 0 0 9 8 0]
 [0 0 0 1 0 0 0 0 7]
 [8 2 0 9 5 0 0 0 3]
 [3 0 0 0 0 2 0 6 0]
 [0 8 5 0 7 6 0 0 0]
 [9 0 2 5 0 1 3 0 8]]
--------------------------------
[[4 9 6 7 1 5 8 3 2]
 [7 5 3 4 2 8 1 9 6]
 [2 1 8 6 3 9 7 4 5]
 [5 3 1 2 6 7 9 8 4]
 [6 4 9 1 8 3 2 5 7]
 [8 2 7 9 5 4 6 1 3]
 [3 7 4 8 9 2 5 6 1]
 [1 8 5 3 7 6 4 2 9]
 [9 6 2 5 4 1 3 7 8]]
--------------------------------
valid: True
power: 20.777984
--------------------------------

Running run 5 of 20
--------------------------------
simulation execution: 0.06463909149169922
time execution: 0.49840497970581055
performance: 1.0 cell:9 rows:9 cols:9
[[0 0 6 0 0 0 8 0 2]
 [7 0 0 4 2 8 0 9 6]
 [2 1 0 0 3 0 7 0 5]
 [0 3 1 0 0 0 9 8 0]
 [0 0 0 1 0 0 0 0 7]
 [8 2 0 9 5 0 0 0 3]
 [3 0 0 0 0 2 0 6 0]
 [0 8 5 0 7 6 0 0 0]
 [9 0 2 5 0 1 3 0 8]]
--------------------------------
[[4 9 6 7 1 5 8 3 2]
 [7 5 3 4 2 8 1 9 6]
 [2 1 8 6 3 9 7 4 5]
 [5 3 1 2 6 7 9 8 4]
 [6 4 9 1 8 3 2 5 7]
 [8 2 7 9 5 4 6 1 3]
 [3 7 4 8 9 2 5 6 1]
 [1 8 5 3 7 6 4 2 9]
 [9 6 2 5 4 1 3 7 8]]
--------------------------------
valid: True
power: 20.875776
--------------------------------

Running run 6 of 20
--------------------------------
simulation execution: 0.06468510627746582
time execution: 0.5237014293670654
performance: 1.0 cell:9 rows:9 cols:9
[[0 0 6 0 0 0 8 0 2]
 [7 0 0 4 2 8 0 9 6]
 [2 1 0 0 3 0 7 0 5]
 [0 3 1 0 0 0 9 8 0]
 [0 0 0 1 0 0 0 0 7]
 [8 2 0 9 5 0 0 0 3]
 [3 0 0 0 0 2 0 6 0]
 [0 8 5 0 7 6 0 0 0]
 [9 0 2 5 0 1 3 0 8]]
--------------------------------
[[4 9 6 7 1 5 8 3 2]
 [7 5 3 4 2 8 1 9 6]
 [2 1 8 6 3 9 7 4 5]
 [5 3 1 2 6 7 9 8 4]
 [6 4 9 1 8 3 2 5 7]
 [8 2 7 9 5 4 6 1 3]
 [3 7 4 8 9 2 5 6 1]
 [1 8 5 3 7 6 4 2 9]
 [9 6 2 5 4 1 3 7 8]]
--------------------------------
valid: True
power: 20.875776
--------------------------------

Running run 7 of 20
--------------------------------
simulation execution: 0.06472969055175781
time execution: 0.5298435688018799
performance: 1.0 cell:9 rows:9 cols:9
[[0 0 6 0 0 0 8 0 2]
 [7 0 0 4 2 8 0 9 6]
 [2 1 0 0 3 0 7 0 5]
 [0 3 1 0 0 0 9 8 0]
 [0 0 0 1 0 0 0 0 7]
 [8 2 0 9 5 0 0 0 3]
 [3 0 0 0 0 2 0 6 0]
 [0 8 5 0 7 6 0 0 0]
 [9 0 2 5 0 1 3 0 8]]
--------------------------------
[[4 9 6 7 1 5 8 3 2]
 [7 5 3 4 2 8 1 9 6]
 [2 1 8 6 3 9 7 4 5]
 [5 3 1 2 6 7 9 8 4]
 [6 4 9 1 8 3 2 5 7]
 [8 2 7 9 5 4 6 1 3]
 [3 7 4 8 9 2 5 6 1]
 [1 8 5 3 7 6 4 2 9]
 [9 6 2 5 4 1 3 7 8]]
--------------------------------
valid: True
power: 20.777984
--------------------------------

Running run 8 of 20
--------------------------------
simulation execution: 0.06489849090576172
time execution: 0.5302021503448486
performance: 1.0 cell:9 rows:9 cols:9
[[0 0 6 0 0 0 8 0 2]
 [7 0 0 4 2 8 0 9 6]
 [2 1 0 0 3 0 7 0 5]
 [0 3 1 0 0 0 9 8 0]
 [0 0 0 1 0 0 0 0 7]
 [8 2 0 9 5 0 0 0 3]
 [3 0 0 0 0 2 0 6 0]
 [0 8 5 0 7 6 0 0 0]
 [9 0 2 5 0 1 3 0 8]]
--------------------------------
[[4 9 6 7 1 5 8 3 2]
 [7 5 3 4 2 8 1 9 6]
 [2 1 8 6 3 9 7 4 5]
 [5 3 1 2 6 7 9 8 4]
 [6 4 9 1 8 3 2 5 7]
 [8 2 7 9 5 4 6 1 3]
 [3 7 4 8 9 2 5 6 1]
 [1 8 5 3 7 6 4 2 9]
 [9 6 2 5 4 1 3 7 8]]
--------------------------------
valid: True
power: 20.777984
--------------------------------

Running run 9 of 20
--------------------------------
simulation execution: 0.06488990783691406
time execution: 0.528205156326294
performance: 1.0 cell:9 rows:9 cols:9
[[0 0 6 0 0 0 8 0 2]
 [7 0 0 4 2 8 0 9 6]
 [2 1 0 0 3 0 7 0 5]
 [0 3 1 0 0 0 9 8 0]
 [0 0 0 1 0 0 0 0 7]
 [8 2 0 9 5 0 0 0 3]
 [3 0 0 0 0 2 0 6 0]
 [0 8 5 0 7 6 0 0 0]
 [9 0 2 5 0 1 3 0 8]]
--------------------------------
[[4 9 6 7 1 5 8 3 2]
 [7 5 3 4 2 8 1 9 6]
 [2 1 8 6 3 9 7 4 5]
 [5 3 1 2 6 7 9 8 4]
 [6 4 9 1 8 3 2 5 7]
 [8 2 7 9 5 4 6 1 3]
 [3 7 4 8 9 2 5 6 1]
 [1 8 5 3 7 6 4 2 9]
 [9 6 2 5 4 1 3 7 8]]
--------------------------------
valid: True
power: 20.777984
--------------------------------

Running run 10 of 20
--------------------------------
simulation execution: 0.06481099128723145
time execution: 0.5339057445526123
performance: 1.0 cell:9 rows:9 cols:9
[[0 0 6 0 0 0 8 0 2]
 [7 0 0 4 2 8 0 9 6]
 [2 1 0 0 3 0 7 0 5]
 [0 3 1 0 0 0 9 8 0]
 [0 0 0 1 0 0 0 0 7]
 [8 2 0 9 5 0 0 0 3]
 [3 0 0 0 0 2 0 6 0]
 [0 8 5 0 7 6 0 0 0]
 [9 0 2 5 0 1 3 0 8]]
--------------------------------
[[4 9 6 7 1 5 8 3 2]
 [7 5 3 4 2 8 1 9 6]
 [2 1 8 6 3 9 7 4 5]
 [5 3 1 2 6 7 9 8 4]
 [6 4 9 1 8 3 2 5 7]
 [8 2 7 9 5 4 6 1 3]
 [3 7 4 8 9 2 5 6 1]
 [1 8 5 3 7 6 4 2 9]
 [9 6 2 5 4 1 3 7 8]]
--------------------------------
valid: True
power: 20.777984
--------------------------------

Running run 11 of 20
--------------------------------
simulation execution: 0.0648200511932373
time execution: 0.5281312465667725
performance: 1.0 cell:9 rows:9 cols:9
[[0 0 6 0 0 0 8 0 2]
 [7 0 0 4 2 8 0 9 6]
 [2 1 0 0 3 0 7 0 5]
 [0 3 1 0 0 0 9 8 0]
 [0 0 0 1 0 0 0 0 7]
 [8 2 0 9 5 0 0 0 3]
 [3 0 0 0 0 2 0 6 0]
 [0 8 5 0 7 6 0 0 0]
 [9 0 2 5 0 1 3 0 8]]
--------------------------------
[[4 9 6 7 1 5 8 3 2]
 [7 5 3 4 2 8 1 9 6]
 [2 1 8 6 3 9 7 4 5]
 [5 3 1 2 6 7 9 8 4]
 [6 4 9 1 8 3 2 5 7]
 [8 2 7 9 5 4 6 1 3]
 [3 7 4 8 9 2 5 6 1]
 [1 8 5 3 7 6 4 2 9]
 [9 6 2 5 4 1 3 7 8]]
--------------------------------
valid: True
power: 20.777984
--------------------------------

Running run 12 of 20
--------------------------------
simulation execution: 0.06475186347961426
time execution: 0.530411958694458
performance: 1.0 cell:9 rows:9 cols:9
[[0 0 6 0 0 0 8 0 2]
 [7 0 0 4 2 8 0 9 6]
 [2 1 0 0 3 0 7 0 5]
 [0 3 1 0 0 0 9 8 0]
 [0 0 0 1 0 0 0 0 7]
 [8 2 0 9 5 0 0 0 3]
 [3 0 0 0 0 2 0 6 0]
 [0 8 5 0 7 6 0 0 0]
 [9 0 2 5 0 1 3 0 8]]
--------------------------------
[[4 9 6 7 1 5 8 3 2]
 [7 5 3 4 2 8 1 9 6]
 [2 1 8 6 3 9 7 4 5]
 [5 3 1 2 6 7 9 8 4]
 [6 4 9 1 8 3 2 5 7]
 [8 2 7 9 5 4 6 1 3]
 [3 7 4 8 9 2 5 6 1]
 [1 8 5 3 7 6 4 2 9]
 [9 6 2 5 4 1 3 7 8]]
--------------------------------
valid: True
power: 20.777984
--------------------------------

Running run 13 of 20
--------------------------------
simulation execution: 0.06484603881835938
time execution: 0.5323519706726074
performance: 1.0 cell:9 rows:9 cols:9
[[0 0 6 0 0 0 8 0 2]
 [7 0 0 4 2 8 0 9 6]
 [2 1 0 0 3 0 7 0 5]
 [0 3 1 0 0 0 9 8 0]
 [0 0 0 1 0 0 0 0 7]
 [8 2 0 9 5 0 0 0 3]
 [3 0 0 0 0 2 0 6 0]
 [0 8 5 0 7 6 0 0 0]
 [9 0 2 5 0 1 3 0 8]]
--------------------------------
[[4 9 6 7 1 5 8 3 2]
 [7 5 3 4 2 8 1 9 6]
 [2 1 8 6 3 9 7 4 5]
 [5 3 1 2 6 7 9 8 4]
 [6 4 9 1 8 3 2 5 7]
 [8 2 7 9 5 4 6 1 3]
 [3 7 4 8 9 2 5 6 1]
 [1 8 5 3 7 6 4 2 9]
 [9 6 2 5 4 1 3 7 8]]
--------------------------------
valid: True
power: 20.985864
--------------------------------

Running run 14 of 20
--------------------------------
simulation execution: 0.06481099128723145
time execution: 0.5276176929473877
performance: 1.0 cell:9 rows:9 cols:9
[[0 0 6 0 0 0 8 0 2]
 [7 0 0 4 2 8 0 9 6]
 [2 1 0 0 3 0 7 0 5]
 [0 3 1 0 0 0 9 8 0]
 [0 0 0 1 0 0 0 0 7]
 [8 2 0 9 5 0 0 0 3]
 [3 0 0 0 0 2 0 6 0]
 [0 8 5 0 7 6 0 0 0]
 [9 0 2 5 0 1 3 0 8]]
--------------------------------
[[4 9 6 7 1 5 8 3 2]
 [7 5 3 4 2 8 1 9 6]
 [2 1 8 6 3 9 7 4 5]
 [5 3 1 2 6 7 9 8 4]
 [6 4 9 1 8 3 2 5 7]
 [8 2 7 9 5 4 6 1 3]
 [3 7 4 8 9 2 5 6 1]
 [1 8 5 3 7 6 4 2 9]
 [9 6 2 5 4 1 3 7 8]]
--------------------------------
valid: True
power: 20.985864
--------------------------------

Running run 15 of 20
--------------------------------
simulation execution: 0.06484675407409668
time execution: 0.5329937934875488
performance: 1.0 cell:9 rows:9 cols:9
[[0 0 6 0 0 0 8 0 2]
 [7 0 0 4 2 8 0 9 6]
 [2 1 0 0 3 0 7 0 5]
 [0 3 1 0 0 0 9 8 0]
 [0 0 0 1 0 0 0 0 7]
 [8 2 0 9 5 0 0 0 3]
 [3 0 0 0 0 2 0 6 0]
 [0 8 5 0 7 6 0 0 0]
 [9 0 2 5 0 1 3 0 8]]
--------------------------------
[[4 9 6 7 1 5 8 3 2]
 [7 5 3 4 2 8 1 9 6]
 [2 1 8 6 3 9 7 4 5]
 [5 3 1 2 6 7 9 8 4]
 [6 4 9 1 8 3 2 5 7]
 [8 2 7 9 5 4 6 1 3]
 [3 7 4 8 9 2 5 6 1]
 [1 8 5 3 7 6 4 2 9]
 [9 6 2 5 4 1 3 7 8]]
--------------------------------
valid: True
power: 20.875776
--------------------------------

Running run 16 of 20
--------------------------------
simulation execution: 0.06487822532653809
time execution: 0.5330581665039062
performance: 1.0 cell:9 rows:9 cols:9
[[0 0 6 0 0 0 8 0 2]
 [7 0 0 4 2 8 0 9 6]
 [2 1 0 0 3 0 7 0 5]
 [0 3 1 0 0 0 9 8 0]
 [0 0 0 1 0 0 0 0 7]
 [8 2 0 9 5 0 0 0 3]
 [3 0 0 0 0 2 0 6 0]
 [0 8 5 0 7 6 0 0 0]
 [9 0 2 5 0 1 3 0 8]]
--------------------------------
[[4 9 6 7 1 5 8 3 2]
 [7 5 3 4 2 8 1 9 6]
 [2 1 8 6 3 9 7 4 5]
 [5 3 1 2 6 7 9 8 4]
 [6 4 9 1 8 3 2 5 7]
 [8 2 7 9 5 4 6 1 3]
 [3 7 4 8 9 2 5 6 1]
 [1 8 5 3 7 6 4 2 9]
 [9 6 2 5 4 1 3 7 8]]
--------------------------------
valid: True
power: 20.875776
--------------------------------

Running run 17 of 20
--------------------------------
simulation execution: 0.0648190975189209
time execution: 0.5413837432861328
performance: 1.0 cell:9 rows:9 cols:9
[[0 0 6 0 0 0 8 0 2]
 [7 0 0 4 2 8 0 9 6]
 [2 1 0 0 3 0 7 0 5]
 [0 3 1 0 0 0 9 8 0]
 [0 0 0 1 0 0 0 0 7]
 [8 2 0 9 5 0 0 0 3]
 [3 0 0 0 0 2 0 6 0]
 [0 8 5 0 7 6 0 0 0]
 [9 0 2 5 0 1 3 0 8]]
--------------------------------
[[4 9 6 7 1 5 8 3 2]
 [7 5 3 4 2 8 1 9 6]
 [2 1 8 6 3 9 7 4 5]
 [5 3 1 2 6 7 9 8 4]
 [6 4 9 1 8 3 2 5 7]
 [8 2 7 9 5 4 6 1 3]
 [3 7 4 8 9 2 5 6 1]
 [1 8 5 3 7 6 4 2 9]
 [9 6 2 5 4 1 3 7 8]]
--------------------------------
valid: True
power: 20.888072
--------------------------------

Running run 18 of 20
--------------------------------
simulation execution: 0.06484007835388184
time execution: 0.5370497703552246
performance: 1.0 cell:9 rows:9 cols:9
[[0 0 6 0 0 0 8 0 2]
 [7 0 0 4 2 8 0 9 6]
 [2 1 0 0 3 0 7 0 5]
 [0 3 1 0 0 0 9 8 0]
 [0 0 0 1 0 0 0 0 7]
 [8 2 0 9 5 0 0 0 3]
 [3 0 0 0 0 2 0 6 0]
 [0 8 5 0 7 6 0 0 0]
 [9 0 2 5 0 1 3 0 8]]
--------------------------------
[[4 9 6 7 1 5 8 3 2]
 [7 5 3 4 2 8 1 9 6]
 [2 1 8 6 3 9 7 4 5]
 [5 3 1 2 6 7 9 8 4]
 [6 4 9 1 8 3 2 5 7]
 [8 2 7 9 5 4 6 1 3]
 [3 7 4 8 9 2 5 6 1]
 [1 8 5 3 7 6 4 2 9]
 [9 6 2 5 4 1 3 7 8]]
--------------------------------
valid: True
power: 20.888072
--------------------------------

Running run 19 of 20
--------------------------------
simulation execution: 0.06483101844787598
time execution: 0.541374921798706
performance: 1.0 cell:9 rows:9 cols:9
[[0 0 6 0 0 0 8 0 2]
 [7 0 0 4 2 8 0 9 6]
 [2 1 0 0 3 0 7 0 5]
 [0 3 1 0 0 0 9 8 0]
 [0 0 0 1 0 0 0 0 7]
 [8 2 0 9 5 0 0 0 3]
 [3 0 0 0 0 2 0 6 0]
 [0 8 5 0 7 6 0 0 0]
 [9 0 2 5 0 1 3 0 8]]
--------------------------------
[[4 9 6 7 1 5 8 3 2]
 [7 5 3 4 2 8 1 9 6]
 [2 1 8 6 3 9 7 4 5]
 [5 3 1 2 6 7 9 8 4]
 [6 4 9 1 8 3 2 5 7]
 [8 2 7 9 5 4 6 1 3]
 [3 7 4 8 9 2 5 6 1]
 [1 8 5 3 7 6 4 2 9]
 [9 6 2 5 4 1 3 7 8]]
--------------------------------
valid: True
power: 20.777984
--------------------------------

Running run 20 of 20
--------------------------------
simulation execution: 0.06485366821289062
time execution: 0.5506839752197266
performance: 1.0 cell:9 rows:9 cols:9
[[0 0 6 0 0 0 8 0 2]
 [7 0 0 4 2 8 0 9 6]
 [2 1 0 0 3 0 7 0 5]
 [0 3 1 0 0 0 9 8 0]
 [0 0 0 1 0 0 0 0 7]
 [8 2 0 9 5 0 0 0 3]
 [3 0 0 0 0 2 0 6 0]
 [0 8 5 0 7 6 0 0 0]
 [9 0 2 5 0 1 3 0 8]]
--------------------------------
[[4 9 6 7 1 5 8 3 2]
 [7 5 3 4 2 8 1 9 6]
 [2 1 8 6 3 9 7 4 5]
 [5 3 1 2 6 7 9 8 4]
 [6 4 9 1 8 3 2 5 7]
 [8 2 7 9 5 4 6 1 3]
 [3 7 4 8 9 2 5 6 1]
 [1 8 5 3 7 6 4 2 9]
 [9 6 2 5 4 1 3 7 8]]
--------------------------------
valid: True
power: 20.777984
--------------------------------

Average time execution: 0.06481442451477051
Average time all: 0.5277523636817932
Average power: 20.8384272
================================================
Finished Sudoku solver Puzzle
================================================



