
              -- N E S T --
  Copyright (C) 2004 The NEST Initiative

 Version: 3.9.0
 Built: Oct  2 2025 06:57:01

 This program is provided AS IS and comes with
 NO WARRANTY. See the file LICENSE for details.

 Problems or suggestions?
   Visit https://www.nest-simulator.org

 Type 'nest.help()' to find out more about NEST.

================================================
Starting Sudoku solver Puzzle
================================================
Extracting synapse information...

Distributing 3645 neurons across 1 compute units on 1 FPGAs:
Kernels per FPGA: [1]

FPGA 0 (Kernels: 1):
  Kernel 0 (Global ID: 0): neurons 1 to 3645 (total: 3645)

Total neurons assigned: 3645
Initialized device 0 with XCLBIN UUID: 80f4e378-8ea1-83e7-af51-670d32726316
{'simulation_time': 1, 'amount_of_cores': 2, 'neuron_start': 1, 'neuron_total': 3645, 'core_id': 0, 'neuron_per_cu': 4096, 'synapse_total_per_cu': 7000, 'record_status': 1, 'param_dict': {'dt': 0.1, 'tau_m': 20.0, 'tau_syn': 5.0, 'C_m': 250.0, 'E_L': -65.0, 't_ref_steps': 20, 'V_th_abs': -50.0, 'V_reset_abs': -70.0}, 'device': None, 'xclbin': None, 'uuid': None, 'kernel_name': None, 'kernel': None, 'synapseListHandle': None, 'header_words': 12800000, 'header_bytes': 51200000, 'tail_words_capacity': 57344000, 'tail_bytes_capacity': 229376000, 'bo_size': 280576000}
Initialized kernel NeuroRing:{NeuroRing_0} and SynapseRouter:{SynapseRouter_0} on device <pyxrt.device object at 0x7fd693e89db0>
Allocated BO of 280576000 bytes (header 51200000, tail 229376000)
{'simulation_time': 1, 'amount_of_cores': 2, 'neuron_start': 3646, 'neuron_total': 730, 'core_id': 1, 'neuron_per_cu': 4096, 'synapse_total_per_cu': 7000, 'device': None, 'xclbin': None, 'uuid': None, 'kernel_name': None, 'kernel': None, 'synapseListHandle': None, 'header_words': 12800000, 'header_bytes': 51200000, 'tail_words_capacity': 57344000, 'tail_bytes_capacity': 229376000, 'bo_size': 280576000}
Initialized kernel NeuroRing_Poisson:{NeuroRing_Poisson_0} and SynapseRouter:{SynapseRouter_1} on device <pyxrt.device object at 0x7fd693e89db0>
Allocated BO of 280576000 bytes (header 51200000, tail 229376000)
Initialized devices
Running run 1 of 20
--------------------------------
simulation execution: 0.06667685508728027
time execution: 0.5906031131744385
performance: 1.0 cell:9 rows:9 cols:9
[[0 5 0 0 0 0 1 9 0]
 [0 0 0 0 0 0 0 4 2]
 [9 1 0 0 2 7 5 6 8]
 [3 4 5 0 0 1 9 0 6]
 [7 0 0 3 4 0 0 0 0]
 [8 9 0 2 0 6 0 0 3]
 [0 0 8 7 0 0 2 1 0]
 [1 6 0 0 0 8 0 0 4]
 [0 0 0 1 0 0 6 8 5]]
--------------------------------
[[2 5 4 6 8 3 1 9 7]
 [6 8 7 9 1 5 3 4 2]
 [9 1 3 4 2 7 5 6 8]
 [3 4 5 8 7 1 9 2 6]
 [7 2 6 3 4 9 8 5 1]
 [8 9 1 2 5 6 4 7 3]
 [5 3 8 7 6 4 2 1 9]
 [1 6 2 5 9 8 7 3 4]
 [4 7 9 1 3 2 6 8 5]]
--------------------------------
valid: True
power: 20.777984
--------------------------------

Running run 2 of 20
--------------------------------
simulation execution: 0.06539225578308105
time execution: 0.5287954807281494
performance: 1.0 cell:9 rows:9 cols:9
[[0 5 0 0 0 0 1 9 0]
 [0 0 0 0 0 0 0 4 2]
 [9 1 0 0 2 7 5 6 8]
 [3 4 5 0 0 1 9 0 6]
 [7 0 0 3 4 0 0 0 0]
 [8 9 0 2 0 6 0 0 3]
 [0 0 8 7 0 0 2 1 0]
 [1 6 0 0 0 8 0 0 4]
 [0 0 0 1 0 0 6 8 5]]
--------------------------------
[[2 5 4 6 8 3 1 9 7]
 [6 8 7 9 1 5 3 4 2]
 [9 1 3 4 2 7 5 6 8]
 [3 4 5 8 7 1 9 2 6]
 [7 2 6 3 4 9 8 5 1]
 [8 9 1 2 5 6 4 7 3]
 [5 3 8 7 6 4 2 1 9]
 [1 6 2 5 9 8 7 3 4]
 [4 7 9 1 3 2 6 8 5]]
--------------------------------
valid: True
power: 20.777984
--------------------------------

Running run 3 of 20
--------------------------------
simulation execution: 0.06545257568359375
time execution: 0.5366990566253662
performance: 1.0 cell:9 rows:9 cols:9
[[0 5 0 0 0 0 1 9 0]
 [0 0 0 0 0 0 0 4 2]
 [9 1 0 0 2 7 5 6 8]
 [3 4 5 0 0 1 9 0 6]
 [7 0 0 3 4 0 0 0 0]
 [8 9 0 2 0 6 0 0 3]
 [0 0 8 7 0 0 2 1 0]
 [1 6 0 0 0 8 0 0 4]
 [0 0 0 1 0 0 6 8 5]]
--------------------------------
[[2 5 4 6 8 3 1 9 7]
 [6 8 7 9 1 5 3 4 2]
 [9 1 3 4 2 7 5 6 8]
 [3 4 5 8 7 1 9 2 6]
 [7 2 6 3 4 9 8 5 1]
 [8 9 1 2 5 6 4 7 3]
 [5 3 8 7 6 4 2 1 9]
 [1 6 2 5 9 8 7 3 4]
 [4 7 9 1 3 2 6 8 5]]
--------------------------------
valid: True
power: 20.777984
--------------------------------

Running run 4 of 20
--------------------------------
simulation execution: 0.06538915634155273
time execution: 0.5340042114257812
performance: 1.0 cell:9 rows:9 cols:9
[[0 5 0 0 0 0 1 9 0]
 [0 0 0 0 0 0 0 4 2]
 [9 1 0 0 2 7 5 6 8]
 [3 4 5 0 0 1 9 0 6]
 [7 0 0 3 4 0 0 0 0]
 [8 9 0 2 0 6 0 0 3]
 [0 0 8 7 0 0 2 1 0]
 [1 6 0 0 0 8 0 0 4]
 [0 0 0 1 0 0 6 8 5]]
--------------------------------
[[2 5 4 6 8 3 1 9 7]
 [6 8 7 9 1 5 3 4 2]
 [9 1 3 4 2 7 5 6 8]
 [3 4 5 8 7 1 9 2 6]
 [7 2 6 3 4 9 8 5 1]
 [8 9 1 2 5 6 4 7 3]
 [5 3 8 7 6 4 2 1 9]
 [1 6 2 5 9 8 7 3 4]
 [4 7 9 1 3 2 6 8 5]]
--------------------------------
valid: True
power: 20.777984
--------------------------------

Running run 5 of 20
--------------------------------
simulation execution: 0.06528878211975098
time execution: 0.5276737213134766
performance: 1.0 cell:9 rows:9 cols:9
[[0 5 0 0 0 0 1 9 0]
 [0 0 0 0 0 0 0 4 2]
 [9 1 0 0 2 7 5 6 8]
 [3 4 5 0 0 1 9 0 6]
 [7 0 0 3 4 0 0 0 0]
 [8 9 0 2 0 6 0 0 3]
 [0 0 8 7 0 0 2 1 0]
 [1 6 0 0 0 8 0 0 4]
 [0 0 0 1 0 0 6 8 5]]
--------------------------------
[[2 5 4 6 8 3 1 9 7]
 [6 8 7 9 1 5 3 4 2]
 [9 1 3 4 2 7 5 6 8]
 [3 4 5 8 7 1 9 2 6]
 [7 2 6 3 4 9 8 5 1]
 [8 9 1 2 5 6 4 7 3]
 [5 3 8 7 6 4 2 1 9]
 [1 6 2 5 9 8 7 3 4]
 [4 7 9 1 3 2 6 8 5]]
--------------------------------
valid: True
power: 20.875776
--------------------------------

Running run 6 of 20
--------------------------------
simulation execution: 0.06531405448913574
time execution: 0.5350234508514404
performance: 1.0 cell:9 rows:9 cols:9
[[0 5 0 0 0 0 1 9 0]
 [0 0 0 0 0 0 0 4 2]
 [9 1 0 0 2 7 5 6 8]
 [3 4 5 0 0 1 9 0 6]
 [7 0 0 3 4 0 0 0 0]
 [8 9 0 2 0 6 0 0 3]
 [0 0 8 7 0 0 2 1 0]
 [1 6 0 0 0 8 0 0 4]
 [0 0 0 1 0 0 6 8 5]]
--------------------------------
[[2 5 4 6 8 3 1 9 7]
 [6 8 7 9 1 5 3 4 2]
 [9 1 3 4 2 7 5 6 8]
 [3 4 5 8 7 1 9 2 6]
 [7 2 6 3 4 9 8 5 1]
 [8 9 1 2 5 6 4 7 3]
 [5 3 8 7 6 4 2 1 9]
 [1 6 2 5 9 8 7 3 4]
 [4 7 9 1 3 2 6 8 5]]
--------------------------------
valid: True
power: 20.875776
--------------------------------

Running run 7 of 20
--------------------------------
simulation execution: 0.06530022621154785
time execution: 0.5291924476623535
performance: 1.0 cell:9 rows:9 cols:9
[[0 5 0 0 0 0 1 9 0]
 [0 0 0 0 0 0 0 4 2]
 [9 1 0 0 2 7 5 6 8]
 [3 4 5 0 0 1 9 0 6]
 [7 0 0 3 4 0 0 0 0]
 [8 9 0 2 0 6 0 0 3]
 [0 0 8 7 0 0 2 1 0]
 [1 6 0 0 0 8 0 0 4]
 [0 0 0 1 0 0 6 8 5]]
--------------------------------
[[2 5 4 6 8 3 1 9 7]
 [6 8 7 9 1 5 3 4 2]
 [9 1 3 4 2 7 5 6 8]
 [3 4 5 8 7 1 9 2 6]
 [7 2 6 3 4 9 8 5 1]
 [8 9 1 2 5 6 4 7 3]
 [5 3 8 7 6 4 2 1 9]
 [1 6 2 5 9 8 7 3 4]
 [4 7 9 1 3 2 6 8 5]]
--------------------------------
valid: True
power: 20.875776
--------------------------------

Running run 8 of 20
--------------------------------
simulation execution: 0.06527543067932129
time execution: 0.5401821136474609
performance: 1.0 cell:9 rows:9 cols:9
[[0 5 0 0 0 0 1 9 0]
 [0 0 0 0 0 0 0 4 2]
 [9 1 0 0 2 7 5 6 8]
 [3 4 5 0 0 1 9 0 6]
 [7 0 0 3 4 0 0 0 0]
 [8 9 0 2 0 6 0 0 3]
 [0 0 8 7 0 0 2 1 0]
 [1 6 0 0 0 8 0 0 4]
 [0 0 0 1 0 0 6 8 5]]
--------------------------------
[[2 5 4 6 8 3 1 9 7]
 [6 8 7 9 1 5 3 4 2]
 [9 1 3 4 2 7 5 6 8]
 [3 4 5 8 7 1 9 2 6]
 [7 2 6 3 4 9 8 5 1]
 [8 9 1 2 5 6 4 7 3]
 [5 3 8 7 6 4 2 1 9]
 [1 6 2 5 9 8 7 3 4]
 [4 7 9 1 3 2 6 8 5]]
--------------------------------
valid: True
power: 20.875776
--------------------------------

Running run 9 of 20
--------------------------------
simulation execution: 0.06528210639953613
time execution: 0.5417087078094482
performance: 1.0 cell:9 rows:9 cols:9
[[0 5 0 0 0 0 1 9 0]
 [0 0 0 0 0 0 0 4 2]
 [9 1 0 0 2 7 5 6 8]
 [3 4 5 0 0 1 9 0 6]
 [7 0 0 3 4 0 0 0 0]
 [8 9 0 2 0 6 0 0 3]
 [0 0 8 7 0 0 2 1 0]
 [1 6 0 0 0 8 0 0 4]
 [0 0 0 1 0 0 6 8 5]]
--------------------------------
[[2 5 4 6 8 3 1 9 7]
 [6 8 7 9 1 5 3 4 2]
 [9 1 3 4 2 7 5 6 8]
 [3 4 5 8 7 1 9 2 6]
 [7 2 6 3 4 9 8 5 1]
 [8 9 1 2 5 6 4 7 3]
 [5 3 8 7 6 4 2 1 9]
 [1 6 2 5 9 8 7 3 4]
 [4 7 9 1 3 2 6 8 5]]
--------------------------------
valid: True
power: 20.985864
--------------------------------

Running run 10 of 20
--------------------------------
simulation execution: 0.06532454490661621
time execution: 0.5420546531677246
performance: 1.0 cell:9 rows:9 cols:9
[[0 5 0 0 0 0 1 9 0]
 [0 0 0 0 0 0 0 4 2]
 [9 1 0 0 2 7 5 6 8]
 [3 4 5 0 0 1 9 0 6]
 [7 0 0 3 4 0 0 0 0]
 [8 9 0 2 0 6 0 0 3]
 [0 0 8 7 0 0 2 1 0]
 [1 6 0 0 0 8 0 0 4]
 [0 0 0 1 0 0 6 8 5]]
--------------------------------
[[2 5 4 6 8 3 1 9 7]
 [6 8 7 9 1 5 3 4 2]
 [9 1 3 4 2 7 5 6 8]
 [3 4 5 8 7 1 9 2 6]
 [7 2 6 3 4 9 8 5 1]
 [8 9 1 2 5 6 4 7 3]
 [5 3 8 7 6 4 2 1 9]
 [1 6 2 5 9 8 7 3 4]
 [4 7 9 1 3 2 6 8 5]]
--------------------------------
valid: True
power: 20.985864
--------------------------------

Running run 11 of 20
--------------------------------
simulation execution: 0.06528401374816895
time execution: 0.5468156337738037
performance: 1.0 cell:9 rows:9 cols:9
[[0 5 0 0 0 0 1 9 0]
 [0 0 0 0 0 0 0 4 2]
 [9 1 0 0 2 7 5 6 8]
 [3 4 5 0 0 1 9 0 6]
 [7 0 0 3 4 0 0 0 0]
 [8 9 0 2 0 6 0 0 3]
 [0 0 8 7 0 0 2 1 0]
 [1 6 0 0 0 8 0 0 4]
 [0 0 0 1 0 0 6 8 5]]
--------------------------------
[[2 5 4 6 8 3 1 9 7]
 [6 8 7 9 1 5 3 4 2]
 [9 1 3 4 2 7 5 6 8]
 [3 4 5 8 7 1 9 2 6]
 [7 2 6 3 4 9 8 5 1]
 [8 9 1 2 5 6 4 7 3]
 [5 3 8 7 6 4 2 1 9]
 [1 6 2 5 9 8 7 3 4]
 [4 7 9 1 3 2 6 8 5]]
--------------------------------
valid: True
power: 20.985864
--------------------------------

Running run 12 of 20
--------------------------------
simulation execution: 0.06532931327819824
time execution: 0.5367951393127441
performance: 1.0 cell:9 rows:9 cols:9
[[0 5 0 0 0 0 1 9 0]
 [0 0 0 0 0 0 0 4 2]
 [9 1 0 0 2 7 5 6 8]
 [3 4 5 0 0 1 9 0 6]
 [7 0 0 3 4 0 0 0 0]
 [8 9 0 2 0 6 0 0 3]
 [0 0 8 7 0 0 2 1 0]
 [1 6 0 0 0 8 0 0 4]
 [0 0 0 1 0 0 6 8 5]]
--------------------------------
[[2 5 4 6 8 3 1 9 7]
 [6 8 7 9 1 5 3 4 2]
 [9 1 3 4 2 7 5 6 8]
 [3 4 5 8 7 1 9 2 6]
 [7 2 6 3 4 9 8 5 1]
 [8 9 1 2 5 6 4 7 3]
 [5 3 8 7 6 4 2 1 9]
 [1 6 2 5 9 8 7 3 4]
 [4 7 9 1 3 2 6 8 5]]
--------------------------------
valid: True
power: 20.985864
--------------------------------

Running run 13 of 20
--------------------------------
simulation execution: 0.06529712677001953
time execution: 0.542382001876831
performance: 1.0 cell:9 rows:9 cols:9
[[0 5 0 0 0 0 1 9 0]
 [0 0 0 0 0 0 0 4 2]
 [9 1 0 0 2 7 5 6 8]
 [3 4 5 0 0 1 9 0 6]
 [7 0 0 3 4 0 0 0 0]
 [8 9 0 2 0 6 0 0 3]
 [0 0 8 7 0 0 2 1 0]
 [1 6 0 0 0 8 0 0 4]
 [0 0 0 1 0 0 6 8 5]]
--------------------------------
[[2 5 4 6 8 3 1 9 7]
 [6 8 7 9 1 5 3 4 2]
 [9 1 3 4 2 7 5 6 8]
 [3 4 5 8 7 1 9 2 6]
 [7 2 6 3 4 9 8 5 1]
 [8 9 1 2 5 6 4 7 3]
 [5 3 8 7 6 4 2 1 9]
 [1 6 2 5 9 8 7 3 4]
 [4 7 9 1 3 2 6 8 5]]
--------------------------------
valid: True
power: 20.888072
--------------------------------

Running run 14 of 20
--------------------------------
simulation execution: 0.06529831886291504
time execution: 0.5291860103607178
performance: 1.0 cell:9 rows:9 cols:9
[[0 5 0 0 0 0 1 9 0]
 [0 0 0 0 0 0 0 4 2]
 [9 1 0 0 2 7 5 6 8]
 [3 4 5 0 0 1 9 0 6]
 [7 0 0 3 4 0 0 0 0]
 [8 9 0 2 0 6 0 0 3]
 [0 0 8 7 0 0 2 1 0]
 [1 6 0 0 0 8 0 0 4]
 [0 0 0 1 0 0 6 8 5]]
--------------------------------
[[2 5 4 6 8 3 1 9 7]
 [6 8 7 9 1 5 3 4 2]
 [9 1 3 4 2 7 5 6 8]
 [3 4 5 8 7 1 9 2 6]
 [7 2 6 3 4 9 8 5 1]
 [8 9 1 2 5 6 4 7 3]
 [5 3 8 7 6 4 2 1 9]
 [1 6 2 5 9 8 7 3 4]
 [4 7 9 1 3 2 6 8 5]]
--------------------------------
valid: True
power: 20.888072
--------------------------------

Running run 15 of 20
--------------------------------
simulation execution: 0.06530570983886719
time execution: 0.5291347503662109
performance: 1.0 cell:9 rows:9 cols:9
[[0 5 0 0 0 0 1 9 0]
 [0 0 0 0 0 0 0 4 2]
 [9 1 0 0 2 7 5 6 8]
 [3 4 5 0 0 1 9 0 6]
 [7 0 0 3 4 0 0 0 0]
 [8 9 0 2 0 6 0 0 3]
 [0 0 8 7 0 0 2 1 0]
 [1 6 0 0 0 8 0 0 4]
 [0 0 0 1 0 0 6 8 5]]
--------------------------------
[[2 5 4 6 8 3 1 9 7]
 [6 8 7 9 1 5 3 4 2]
 [9 1 3 4 2 7 5 6 8]
 [3 4 5 8 7 1 9 2 6]
 [7 2 6 3 4 9 8 5 1]
 [8 9 1 2 5 6 4 7 3]
 [5 3 8 7 6 4 2 1 9]
 [1 6 2 5 9 8 7 3 4]
 [4 7 9 1 3 2 6 8 5]]
--------------------------------
valid: True
power: 20.777984
--------------------------------

Running run 16 of 20
--------------------------------
simulation execution: 0.06528496742248535
time execution: 0.5451929569244385
performance: 1.0 cell:9 rows:9 cols:9
[[0 5 0 0 0 0 1 9 0]
 [0 0 0 0 0 0 0 4 2]
 [9 1 0 0 2 7 5 6 8]
 [3 4 5 0 0 1 9 0 6]
 [7 0 0 3 4 0 0 0 0]
 [8 9 0 2 0 6 0 0 3]
 [0 0 8 7 0 0 2 1 0]
 [1 6 0 0 0 8 0 0 4]
 [0 0 0 1 0 0 6 8 5]]
--------------------------------
[[2 5 4 6 8 3 1 9 7]
 [6 8 7 9 1 5 3 4 2]
 [9 1 3 4 2 7 5 6 8]
 [3 4 5 8 7 1 9 2 6]
 [7 2 6 3 4 9 8 5 1]
 [8 9 1 2 5 6 4 7 3]
 [5 3 8 7 6 4 2 1 9]
 [1 6 2 5 9 8 7 3 4]
 [4 7 9 1 3 2 6 8 5]]
--------------------------------
valid: True
power: 20.777984
--------------------------------

Running run 17 of 20
--------------------------------
simulation execution: 0.06528401374816895
time execution: 0.5283219814300537
performance: 1.0 cell:9 rows:9 cols:9
[[0 5 0 0 0 0 1 9 0]
 [0 0 0 0 0 0 0 4 2]
 [9 1 0 0 2 7 5 6 8]
 [3 4 5 0 0 1 9 0 6]
 [7 0 0 3 4 0 0 0 0]
 [8 9 0 2 0 6 0 0 3]
 [0 0 8 7 0 0 2 1 0]
 [1 6 0 0 0 8 0 0 4]
 [0 0 0 1 0 0 6 8 5]]
--------------------------------
[[2 5 4 6 8 3 1 9 7]
 [6 8 7 9 1 5 3 4 2]
 [9 1 3 4 2 7 5 6 8]
 [3 4 5 8 7 1 9 2 6]
 [7 2 6 3 4 9 8 5 1]
 [8 9 1 2 5 6 4 7 3]
 [5 3 8 7 6 4 2 1 9]
 [1 6 2 5 9 8 7 3 4]
 [4 7 9 1 3 2 6 8 5]]
--------------------------------
valid: True
power: 20.985864
--------------------------------

Running run 18 of 20
--------------------------------
simulation execution: 0.06529808044433594
time execution: 0.5255861282348633
performance: 1.0 cell:9 rows:9 cols:9
[[0 5 0 0 0 0 1 9 0]
 [0 0 0 0 0 0 0 4 2]
 [9 1 0 0 2 7 5 6 8]
 [3 4 5 0 0 1 9 0 6]
 [7 0 0 3 4 0 0 0 0]
 [8 9 0 2 0 6 0 0 3]
 [0 0 8 7 0 0 2 1 0]
 [1 6 0 0 0 8 0 0 4]
 [0 0 0 1 0 0 6 8 5]]
--------------------------------
[[2 5 4 6 8 3 1 9 7]
 [6 8 7 9 1 5 3 4 2]
 [9 1 3 4 2 7 5 6 8]
 [3 4 5 8 7 1 9 2 6]
 [7 2 6 3 4 9 8 5 1]
 [8 9 1 2 5 6 4 7 3]
 [5 3 8 7 6 4 2 1 9]
 [1 6 2 5 9 8 7 3 4]
 [4 7 9 1 3 2 6 8 5]]
--------------------------------
valid: True
power: 20.985864
--------------------------------

Running run 19 of 20
--------------------------------
simulation execution: 0.06530427932739258
time execution: 0.5356409549713135
performance: 1.0 cell:9 rows:9 cols:9
[[0 5 0 0 0 0 1 9 0]
 [0 0 0 0 0 0 0 4 2]
 [9 1 0 0 2 7 5 6 8]
 [3 4 5 0 0 1 9 0 6]
 [7 0 0 3 4 0 0 0 0]
 [8 9 0 2 0 6 0 0 3]
 [0 0 8 7 0 0 2 1 0]
 [1 6 0 0 0 8 0 0 4]
 [0 0 0 1 0 0 6 8 5]]
--------------------------------
[[2 5 4 6 8 3 1 9 7]
 [6 8 7 9 1 5 3 4 2]
 [9 1 3 4 2 7 5 6 8]
 [3 4 5 8 7 1 9 2 6]
 [7 2 6 3 4 9 8 5 1]
 [8 9 1 2 5 6 4 7 3]
 [5 3 8 7 6 4 2 1 9]
 [1 6 2 5 9 8 7 3 4]
 [4 7 9 1 3 2 6 8 5]]
--------------------------------
valid: True
power: 20.875776
--------------------------------

Running run 20 of 20
--------------------------------
simulation execution: 0.06539750099182129
time execution: 0.5461812019348145
performance: 1.0 cell:9 rows:9 cols:9
[[0 5 0 0 0 0 1 9 0]
 [0 0 0 0 0 0 0 4 2]
 [9 1 0 0 2 7 5 6 8]
 [3 4 5 0 0 1 9 0 6]
 [7 0 0 3 4 0 0 0 0]
 [8 9 0 2 0 6 0 0 3]
 [0 0 8 7 0 0 2 1 0]
 [1 6 0 0 0 8 0 0 4]
 [0 0 0 1 0 0 6 8 5]]
--------------------------------
[[2 5 4 6 8 3 1 9 7]
 [6 8 7 9 1 5 3 4 2]
 [9 1 3 4 2 7 5 6 8]
 [3 4 5 8 7 1 9 2 6]
 [7 2 6 3 4 9 8 5 1]
 [8 9 1 2 5 6 4 7 3]
 [5 3 8 7 6 4 2 1 9]
 [1 6 2 5 9 8 7 3 4]
 [4 7 9 1 3 2 6 8 5]]
--------------------------------
valid: True
power: 20.875776
--------------------------------

Average time execution: 0.06538896560668946
Average time all: 0.5385586857795716
Average power: 20.880694399999996
================================================
Finished Sudoku solver Puzzle
================================================



