
              -- N E S T --
  Copyright (C) 2004 The NEST Initiative

 Version: 3.9.0
 Built: Oct  2 2025 06:57:01

 This program is provided AS IS and comes with
 NO WARRANTY. See the file LICENSE for details.

 Problems or suggestions?
   Visit https://www.nest-simulator.org

 Type 'nest.help()' to find out more about NEST.

================================================
Starting Sudoku solver Puzzle
================================================
Extracting synapse information...

Distributing 3645 neurons across 1 compute units on 1 FPGAs:
Kernels per FPGA: [1]

FPGA 0 (Kernels: 1):
  Kernel 0 (Global ID: 0): neurons 1 to 3645 (total: 3645)

Total neurons assigned: 3645
Initialized device 0 with XCLBIN UUID: 80f4e378-8ea1-83e7-af51-670d32726316
{'simulation_time': 1, 'amount_of_cores': 2, 'neuron_start': 1, 'neuron_total': 3645, 'core_id': 0, 'neuron_per_cu': 4096, 'synapse_total_per_cu': 7000, 'record_status': 1, 'param_dict': {'dt': 0.1, 'tau_m': 20.0, 'tau_syn': 5.0, 'C_m': 250.0, 'E_L': -65.0, 't_ref_steps': 20, 'V_th_abs': -50.0, 'V_reset_abs': -70.0}, 'device': None, 'xclbin': None, 'uuid': None, 'kernel_name': None, 'kernel': None, 'synapseListHandle': None, 'header_words': 12800000, 'header_bytes': 51200000, 'tail_words_capacity': 57344000, 'tail_bytes_capacity': 229376000, 'bo_size': 280576000}
Initialized kernel NeuroRing:{NeuroRing_0} and SynapseRouter:{SynapseRouter_0} on device <pyxrt.device object at 0x7f3e68e880f0>
Allocated BO of 280576000 bytes (header 51200000, tail 229376000)
{'simulation_time': 1, 'amount_of_cores': 2, 'neuron_start': 3646, 'neuron_total': 730, 'core_id': 1, 'neuron_per_cu': 4096, 'synapse_total_per_cu': 7000, 'device': None, 'xclbin': None, 'uuid': None, 'kernel_name': None, 'kernel': None, 'synapseListHandle': None, 'header_words': 12800000, 'header_bytes': 51200000, 'tail_words_capacity': 57344000, 'tail_bytes_capacity': 229376000, 'bo_size': 280576000}
Initialized kernel NeuroRing_Poisson:{NeuroRing_Poisson_0} and SynapseRouter:{SynapseRouter_1} on device <pyxrt.device object at 0x7f3e68e880f0>
Allocated BO of 280576000 bytes (header 51200000, tail 229376000)
Initialized devices
Running run 1 of 20
--------------------------------
simulation execution: 0.06551146507263184
time execution: 0.5909008979797363
performance: 1.0 cell:9 rows:9 cols:9
[[0 5 8 0 3 0 0 2 0]
 [4 0 2 0 0 0 9 0 5]
 [0 0 7 0 0 0 6 8 0]
 [2 9 0 0 5 4 0 7 0]
 [5 0 0 0 6 2 0 0 0]
 [0 0 3 8 1 0 2 5 0]
 [1 0 9 0 0 3 0 6 4]
 [8 6 5 4 9 0 1 3 0]
 [0 7 0 0 0 6 0 0 0]]
--------------------------------
[[6 5 8 9 3 1 4 2 7]
 [4 3 2 6 7 8 9 1 5]
 [9 1 7 2 4 5 6 8 3]
 [2 9 6 3 5 4 8 7 1]
 [5 8 1 7 6 2 3 4 9]
 [7 4 3 8 1 9 2 5 6]
 [1 2 9 5 8 3 7 6 4]
 [8 6 5 4 9 7 1 3 2]
 [3 7 4 1 2 6 5 9 8]]
--------------------------------
valid: True
power: 20.875776
--------------------------------

Running run 2 of 20
--------------------------------
simulation execution: 0.06487846374511719
time execution: 0.5471761226654053
performance: 1.0 cell:9 rows:9 cols:9
[[0 5 8 0 3 0 0 2 0]
 [4 0 2 0 0 0 9 0 5]
 [0 0 7 0 0 0 6 8 0]
 [2 9 0 0 5 4 0 7 0]
 [5 0 0 0 6 2 0 0 0]
 [0 0 3 8 1 0 2 5 0]
 [1 0 9 0 0 3 0 6 4]
 [8 6 5 4 9 0 1 3 0]
 [0 7 0 0 0 6 0 0 0]]
--------------------------------
[[6 5 8 9 3 1 4 2 7]
 [4 3 2 6 7 8 9 1 5]
 [9 1 7 2 4 5 6 8 3]
 [2 9 6 3 5 4 8 7 1]
 [5 8 1 7 6 2 3 4 9]
 [7 4 3 8 1 9 2 5 6]
 [1 2 9 5 8 3 7 6 4]
 [8 6 5 4 9 7 1 3 2]
 [3 7 4 1 2 6 5 9 8]]
--------------------------------
valid: True
power: 20.875776
--------------------------------

Running run 3 of 20
--------------------------------
simulation execution: 0.06487131118774414
time execution: 0.5447714328765869
performance: 1.0 cell:9 rows:9 cols:9
[[0 5 8 0 3 0 0 2 0]
 [4 0 2 0 0 0 9 0 5]
 [0 0 7 0 0 0 6 8 0]
 [2 9 0 0 5 4 0 7 0]
 [5 0 0 0 6 2 0 0 0]
 [0 0 3 8 1 0 2 5 0]
 [1 0 9 0 0 3 0 6 4]
 [8 6 5 4 9 0 1 3 0]
 [0 7 0 0 0 6 0 0 0]]
--------------------------------
[[6 5 8 9 3 1 4 2 7]
 [4 3 2 6 7 8 9 1 5]
 [9 1 7 2 4 5 6 8 3]
 [2 9 6 3 5 4 8 7 1]
 [5 8 1 7 6 2 3 4 9]
 [7 4 3 8 1 9 2 5 6]
 [1 2 9 5 8 3 7 6 4]
 [8 6 5 4 9 7 1 3 2]
 [3 7 4 1 2 6 5 9 8]]
--------------------------------
valid: True
power: 20.777984
--------------------------------

Running run 4 of 20
--------------------------------
simulation execution: 0.06476068496704102
time execution: 0.5574722290039062
performance: 1.0 cell:9 rows:9 cols:9
[[0 5 8 0 3 0 0 2 0]
 [4 0 2 0 0 0 9 0 5]
 [0 0 7 0 0 0 6 8 0]
 [2 9 0 0 5 4 0 7 0]
 [5 0 0 0 6 2 0 0 0]
 [0 0 3 8 1 0 2 5 0]
 [1 0 9 0 0 3 0 6 4]
 [8 6 5 4 9 0 1 3 0]
 [0 7 0 0 0 6 0 0 0]]
--------------------------------
[[6 5 8 9 3 1 4 2 7]
 [4 3 2 6 7 8 9 1 5]
 [9 1 7 2 4 5 6 8 3]
 [2 9 6 3 5 4 8 7 1]
 [5 8 1 7 6 2 3 4 9]
 [7 4 3 8 1 9 2 5 6]
 [1 2 9 5 8 3 7 6 4]
 [8 6 5 4 9 7 1 3 2]
 [3 7 4 1 2 6 5 9 8]]
--------------------------------
valid: True
power: 20.777984
--------------------------------

Running run 5 of 20
--------------------------------
simulation execution: 0.06490731239318848
time execution: 0.5498411655426025
performance: 1.0 cell:9 rows:9 cols:9
[[0 5 8 0 3 0 0 2 0]
 [4 0 2 0 0 0 9 0 5]
 [0 0 7 0 0 0 6 8 0]
 [2 9 0 0 5 4 0 7 0]
 [5 0 0 0 6 2 0 0 0]
 [0 0 3 8 1 0 2 5 0]
 [1 0 9 0 0 3 0 6 4]
 [8 6 5 4 9 0 1 3 0]
 [0 7 0 0 0 6 0 0 0]]
--------------------------------
[[6 5 8 9 3 1 4 2 7]
 [4 3 2 6 7 8 9 1 5]
 [9 1 7 2 4 5 6 8 3]
 [2 9 6 3 5 4 8 7 1]
 [5 8 1 7 6 2 3 4 9]
 [7 4 3 8 1 9 2 5 6]
 [1 2 9 5 8 3 7 6 4]
 [8 6 5 4 9 7 1 3 2]
 [3 7 4 1 2 6 5 9 8]]
--------------------------------
valid: True
power: 20.985864
--------------------------------

Running run 6 of 20
--------------------------------
simulation execution: 0.06490826606750488
time execution: 0.5531125068664551
performance: 1.0 cell:9 rows:9 cols:9
[[0 5 8 0 3 0 0 2 0]
 [4 0 2 0 0 0 9 0 5]
 [0 0 7 0 0 0 6 8 0]
 [2 9 0 0 5 4 0 7 0]
 [5 0 0 0 6 2 0 0 0]
 [0 0 3 8 1 0 2 5 0]
 [1 0 9 0 0 3 0 6 4]
 [8 6 5 4 9 0 1 3 0]
 [0 7 0 0 0 6 0 0 0]]
--------------------------------
[[6 5 8 9 3 1 4 2 7]
 [4 3 2 6 7 8 9 1 5]
 [9 1 7 2 4 5 6 8 3]
 [2 9 6 3 5 4 8 7 1]
 [5 8 1 7 6 2 3 4 9]
 [7 4 3 8 1 9 2 5 6]
 [1 2 9 5 8 3 7 6 4]
 [8 6 5 4 9 7 1 3 2]
 [3 7 4 1 2 6 5 9 8]]
--------------------------------
valid: True
power: 20.985864
--------------------------------

Running run 7 of 20
--------------------------------
simulation execution: 0.06486701965332031
time execution: 0.5646154880523682
performance: 1.0 cell:9 rows:9 cols:9
[[0 5 8 0 3 0 0 2 0]
 [4 0 2 0 0 0 9 0 5]
 [0 0 7 0 0 0 6 8 0]
 [2 9 0 0 5 4 0 7 0]
 [5 0 0 0 6 2 0 0 0]
 [0 0 3 8 1 0 2 5 0]
 [1 0 9 0 0 3 0 6 4]
 [8 6 5 4 9 0 1 3 0]
 [0 7 0 0 0 6 0 0 0]]
--------------------------------
[[6 5 8 9 3 1 4 2 7]
 [4 3 2 6 7 8 9 1 5]
 [9 1 7 2 4 5 6 8 3]
 [2 9 6 3 5 4 8 7 1]
 [5 8 1 7 6 2 3 4 9]
 [7 4 3 8 1 9 2 5 6]
 [1 2 9 5 8 3 7 6 4]
 [8 6 5 4 9 7 1 3 2]
 [3 7 4 1 2 6 5 9 8]]
--------------------------------
valid: True
power: 20.777984
--------------------------------

Running run 8 of 20
--------------------------------
simulation execution: 0.06506657600402832
time execution: 0.5660912990570068
performance: 1.0 cell:9 rows:9 cols:9
[[0 5 8 0 3 0 0 2 0]
 [4 0 2 0 0 0 9 0 5]
 [0 0 7 0 0 0 6 8 0]
 [2 9 0 0 5 4 0 7 0]
 [5 0 0 0 6 2 0 0 0]
 [0 0 3 8 1 0 2 5 0]
 [1 0 9 0 0 3 0 6 4]
 [8 6 5 4 9 0 1 3 0]
 [0 7 0 0 0 6 0 0 0]]
--------------------------------
[[6 5 8 9 3 1 4 2 7]
 [4 3 2 6 7 8 9 1 5]
 [9 1 7 2 4 5 6 8 3]
 [2 9 6 3 5 4 8 7 1]
 [5 8 1 7 6 2 3 4 9]
 [7 4 3 8 1 9 2 5 6]
 [1 2 9 5 8 3 7 6 4]
 [8 6 5 4 9 7 1 3 2]
 [3 7 4 1 2 6 5 9 8]]
--------------------------------
valid: True
power: 20.777984
--------------------------------

Running run 9 of 20
--------------------------------
simulation execution: 0.06519055366516113
time execution: 0.5712614059448242
performance: 1.0 cell:9 rows:9 cols:9
[[0 5 8 0 3 0 0 2 0]
 [4 0 2 0 0 0 9 0 5]
 [0 0 7 0 0 0 6 8 0]
 [2 9 0 0 5 4 0 7 0]
 [5 0 0 0 6 2 0 0 0]
 [0 0 3 8 1 0 2 5 0]
 [1 0 9 0 0 3 0 6 4]
 [8 6 5 4 9 0 1 3 0]
 [0 7 0 0 0 6 0 0 0]]
--------------------------------
[[6 5 8 9 3 1 4 2 7]
 [4 3 2 6 7 8 9 1 5]
 [9 1 7 2 4 5 6 8 3]
 [2 9 6 3 5 4 8 7 1]
 [5 8 1 7 6 2 3 4 9]
 [7 4 3 8 1 9 2 5 6]
 [1 2 9 5 8 3 7 6 4]
 [8 6 5 4 9 7 1 3 2]
 [3 7 4 1 2 6 5 9 8]]
--------------------------------
valid: True
power: 20.777984
--------------------------------

Running run 10 of 20
--------------------------------
simulation execution: 0.06487703323364258
time execution: 0.5671396255493164
performance: 1.0 cell:9 rows:9 cols:9
[[0 5 8 0 3 0 0 2 0]
 [4 0 2 0 0 0 9 0 5]
 [0 0 7 0 0 0 6 8 0]
 [2 9 0 0 5 4 0 7 0]
 [5 0 0 0 6 2 0 0 0]
 [0 0 3 8 1 0 2 5 0]
 [1 0 9 0 0 3 0 6 4]
 [8 6 5 4 9 0 1 3 0]
 [0 7 0 0 0 6 0 0 0]]
--------------------------------
[[6 5 8 9 3 1 4 2 7]
 [4 3 2 6 7 8 9 1 5]
 [9 1 7 2 4 5 6 8 3]
 [2 9 6 3 5 4 8 7 1]
 [5 8 1 7 6 2 3 4 9]
 [7 4 3 8 1 9 2 5 6]
 [1 2 9 5 8 3 7 6 4]
 [8 6 5 4 9 7 1 3 2]
 [3 7 4 1 2 6 5 9 8]]
--------------------------------
valid: True
power: 20.777984
--------------------------------

Running run 11 of 20
--------------------------------
simulation execution: 0.06497335433959961
time execution: 0.5748610496520996
performance: 1.0 cell:9 rows:9 cols:9
[[0 5 8 0 3 0 0 2 0]
 [4 0 2 0 0 0 9 0 5]
 [0 0 7 0 0 0 6 8 0]
 [2 9 0 0 5 4 0 7 0]
 [5 0 0 0 6 2 0 0 0]
 [0 0 3 8 1 0 2 5 0]
 [1 0 9 0 0 3 0 6 4]
 [8 6 5 4 9 0 1 3 0]
 [0 7 0 0 0 6 0 0 0]]
--------------------------------
[[6 5 8 9 3 1 4 2 7]
 [4 3 2 6 7 8 9 1 5]
 [9 1 7 2 4 5 6 8 3]
 [2 9 6 3 5 4 8 7 1]
 [5 8 1 7 6 2 3 4 9]
 [7 4 3 8 1 9 2 5 6]
 [1 2 9 5 8 3 7 6 4]
 [8 6 5 4 9 7 1 3 2]
 [3 7 4 1 2 6 5 9 8]]
--------------------------------
valid: True
power: 20.985864
--------------------------------

Running run 12 of 20
--------------------------------
simulation execution: 0.06482243537902832
time execution: 0.56160569190979
performance: 1.0 cell:9 rows:9 cols:9
[[0 5 8 0 3 0 0 2 0]
 [4 0 2 0 0 0 9 0 5]
 [0 0 7 0 0 0 6 8 0]
 [2 9 0 0 5 4 0 7 0]
 [5 0 0 0 6 2 0 0 0]
 [0 0 3 8 1 0 2 5 0]
 [1 0 9 0 0 3 0 6 4]
 [8 6 5 4 9 0 1 3 0]
 [0 7 0 0 0 6 0 0 0]]
--------------------------------
[[6 5 8 9 3 1 4 2 7]
 [4 3 2 6 7 8 9 1 5]
 [9 1 7 2 4 5 6 8 3]
 [2 9 6 3 5 4 8 7 1]
 [5 8 1 7 6 2 3 4 9]
 [7 4 3 8 1 9 2 5 6]
 [1 2 9 5 8 3 7 6 4]
 [8 6 5 4 9 7 1 3 2]
 [3 7 4 1 2 6 5 9 8]]
--------------------------------
valid: True
power: 20.985864
--------------------------------

Running run 13 of 20
--------------------------------
simulation execution: 0.06478643417358398
time execution: 0.5687961578369141
performance: 1.0 cell:9 rows:9 cols:9
[[0 5 8 0 3 0 0 2 0]
 [4 0 2 0 0 0 9 0 5]
 [0 0 7 0 0 0 6 8 0]
 [2 9 0 0 5 4 0 7 0]
 [5 0 0 0 6 2 0 0 0]
 [0 0 3 8 1 0 2 5 0]
 [1 0 9 0 0 3 0 6 4]
 [8 6 5 4 9 0 1 3 0]
 [0 7 0 0 0 6 0 0 0]]
--------------------------------
[[6 5 8 9 3 1 4 2 7]
 [4 3 2 6 7 8 9 1 5]
 [9 1 7 2 4 5 6 8 3]
 [2 9 6 3 5 4 8 7 1]
 [5 8 1 7 6 2 3 4 9]
 [7 4 3 8 1 9 2 5 6]
 [1 2 9 5 8 3 7 6 4]
 [8 6 5 4 9 7 1 3 2]
 [3 7 4 1 2 6 5 9 8]]
--------------------------------
valid: True
power: 20.777984
--------------------------------

Running run 14 of 20
--------------------------------
simulation execution: 0.06513690948486328
time execution: 0.5835213661193848
performance: 1.0 cell:9 rows:9 cols:9
[[0 5 8 0 3 0 0 2 0]
 [4 0 2 0 0 0 9 0 5]
 [0 0 7 0 0 0 6 8 0]
 [2 9 0 0 5 4 0 7 0]
 [5 0 0 0 6 2 0 0 0]
 [0 0 3 8 1 0 2 5 0]
 [1 0 9 0 0 3 0 6 4]
 [8 6 5 4 9 0 1 3 0]
 [0 7 0 0 0 6 0 0 0]]
--------------------------------
[[6 5 8 9 3 1 4 2 7]
 [4 3 2 6 7 8 9 1 5]
 [9 1 7 2 4 5 6 8 3]
 [2 9 6 3 5 4 8 7 1]
 [5 8 1 7 6 2 3 4 9]
 [7 4 3 8 1 9 2 5 6]
 [1 2 9 5 8 3 7 6 4]
 [8 6 5 4 9 7 1 3 2]
 [3 7 4 1 2 6 5 9 8]]
--------------------------------
valid: True
power: 20.777984
--------------------------------

Running run 15 of 20
--------------------------------
simulation execution: 0.06476807594299316
time execution: 0.5688858032226562
performance: 1.0 cell:9 rows:9 cols:9
[[0 5 8 0 3 0 0 2 0]
 [4 0 2 0 0 0 9 0 5]
 [0 0 7 0 0 0 6 8 0]
 [2 9 0 0 5 4 0 7 0]
 [5 0 0 0 6 2 0 0 0]
 [0 0 3 8 1 0 2 5 0]
 [1 0 9 0 0 3 0 6 4]
 [8 6 5 4 9 0 1 3 0]
 [0 7 0 0 0 6 0 0 0]]
--------------------------------
[[6 5 8 9 3 1 4 2 7]
 [4 3 2 6 7 8 9 1 5]
 [9 1 7 2 4 5 6 8 3]
 [2 9 6 3 5 4 8 7 1]
 [5 8 1 7 6 2 3 4 9]
 [7 4 3 8 1 9 2 5 6]
 [1 2 9 5 8 3 7 6 4]
 [8 6 5 4 9 7 1 3 2]
 [3 7 4 1 2 6 5 9 8]]
--------------------------------
valid: True
power: 20.875776
--------------------------------

Running run 16 of 20
--------------------------------
simulation execution: 0.06479549407958984
time execution: 0.567920446395874
performance: 1.0 cell:9 rows:9 cols:9
[[0 5 8 0 3 0 0 2 0]
 [4 0 2 0 0 0 9 0 5]
 [0 0 7 0 0 0 6 8 0]
 [2 9 0 0 5 4 0 7 0]
 [5 0 0 0 6 2 0 0 0]
 [0 0 3 8 1 0 2 5 0]
 [1 0 9 0 0 3 0 6 4]
 [8 6 5 4 9 0 1 3 0]
 [0 7 0 0 0 6 0 0 0]]
--------------------------------
[[6 5 8 9 3 1 4 2 7]
 [4 3 2 6 7 8 9 1 5]
 [9 1 7 2 4 5 6 8 3]
 [2 9 6 3 5 4 8 7 1]
 [5 8 1 7 6 2 3 4 9]
 [7 4 3 8 1 9 2 5 6]
 [1 2 9 5 8 3 7 6 4]
 [8 6 5 4 9 7 1 3 2]
 [3 7 4 1 2 6 5 9 8]]
--------------------------------
valid: True
power: 20.875776
--------------------------------

Running run 17 of 20
--------------------------------
simulation execution: 0.06476783752441406
time execution: 0.5716862678527832
performance: 1.0 cell:9 rows:9 cols:9
[[0 5 8 0 3 0 0 2 0]
 [4 0 2 0 0 0 9 0 5]
 [0 0 7 0 0 0 6 8 0]
 [2 9 0 0 5 4 0 7 0]
 [5 0 0 0 6 2 0 0 0]
 [0 0 3 8 1 0 2 5 0]
 [1 0 9 0 0 3 0 6 4]
 [8 6 5 4 9 0 1 3 0]
 [0 7 0 0 0 6 0 0 0]]
--------------------------------
[[6 5 8 9 3 1 4 2 7]
 [4 3 2 6 7 8 9 1 5]
 [9 1 7 2 4 5 6 8 3]
 [2 9 6 3 5 4 8 7 1]
 [5 8 1 7 6 2 3 4 9]
 [7 4 3 8 1 9 2 5 6]
 [1 2 9 5 8 3 7 6 4]
 [8 6 5 4 9 7 1 3 2]
 [3 7 4 1 2 6 5 9 8]]
--------------------------------
valid: True
power: 20.777984
--------------------------------

Running run 18 of 20
--------------------------------
simulation execution: 0.06490349769592285
time execution: 0.5717980861663818
performance: 1.0 cell:9 rows:9 cols:9
[[0 5 8 0 3 0 0 2 0]
 [4 0 2 0 0 0 9 0 5]
 [0 0 7 0 0 0 6 8 0]
 [2 9 0 0 5 4 0 7 0]
 [5 0 0 0 6 2 0 0 0]
 [0 0 3 8 1 0 2 5 0]
 [1 0 9 0 0 3 0 6 4]
 [8 6 5 4 9 0 1 3 0]
 [0 7 0 0 0 6 0 0 0]]
--------------------------------
[[6 5 8 9 3 1 4 2 7]
 [4 3 2 6 7 8 9 1 5]
 [9 1 7 2 4 5 6 8 3]
 [2 9 6 3 5 4 8 7 1]
 [5 8 1 7 6 2 3 4 9]
 [7 4 3 8 1 9 2 5 6]
 [1 2 9 5 8 3 7 6 4]
 [8 6 5 4 9 7 1 3 2]
 [3 7 4 1 2 6 5 9 8]]
--------------------------------
valid: True
power: 20.777984
--------------------------------

Running run 19 of 20
--------------------------------
simulation execution: 0.06479310989379883
time execution: 0.5633907318115234
performance: 1.0 cell:9 rows:9 cols:9
[[0 5 8 0 3 0 0 2 0]
 [4 0 2 0 0 0 9 0 5]
 [0 0 7 0 0 0 6 8 0]
 [2 9 0 0 5 4 0 7 0]
 [5 0 0 0 6 2 0 0 0]
 [0 0 3 8 1 0 2 5 0]
 [1 0 9 0 0 3 0 6 4]
 [8 6 5 4 9 0 1 3 0]
 [0 7 0 0 0 6 0 0 0]]
--------------------------------
[[6 5 8 9 3 1 4 2 7]
 [4 3 2 6 7 8 9 1 5]
 [9 1 7 2 4 5 6 8 3]
 [2 9 6 3 5 4 8 7 1]
 [5 8 1 7 6 2 3 4 9]
 [7 4 3 8 1 9 2 5 6]
 [1 2 9 5 8 3 7 6 4]
 [8 6 5 4 9 7 1 3 2]
 [3 7 4 1 2 6 5 9 8]]
--------------------------------
valid: True
power: 20.875776
--------------------------------

Running run 20 of 20
--------------------------------
simulation execution: 0.06476140022277832
time execution: 0.5677599906921387
performance: 1.0 cell:9 rows:9 cols:9
[[0 5 8 0 3 0 0 2 0]
 [4 0 2 0 0 0 9 0 5]
 [0 0 7 0 0 0 6 8 0]
 [2 9 0 0 5 4 0 7 0]
 [5 0 0 0 6 2 0 0 0]
 [0 0 3 8 1 0 2 5 0]
 [1 0 9 0 0 3 0 6 4]
 [8 6 5 4 9 0 1 3 0]
 [0 7 0 0 0 6 0 0 0]]
--------------------------------
[[6 5 8 9 3 1 4 2 7]
 [4 3 2 6 7 8 9 1 5]
 [9 1 7 2 4 5 6 8 3]
 [2 9 6 3 5 4 8 7 1]
 [5 8 1 7 6 2 3 4 9]
 [7 4 3 8 1 9 2 5 6]
 [1 2 9 5 8 3 7 6 4]
 [8 6 5 4 9 7 1 3 2]
 [3 7 4 1 2 6 5 9 8]]
--------------------------------
valid: True
power: 20.875776
--------------------------------

Average time execution: 0.06491736173629761
Average time all: 0.5656303882598877
Average power: 20.848897599999997
================================================
Finished Sudoku solver Puzzle
================================================



